14
13
28
0
8
0
false
9
7
9
5
4
8
0
11
7
4
4
8
0
2
0
4
4
8
1
10
12
0
0
8
1
6
5
0
0
8
2
1
12
3
7
8
6
10
6
0
0
4
3
0
7
0
0
8
3
6
0
0
0
8
4
11
1
4
4
8
4
0
4
4
4
8
5
13
10
0
0
8
5
6
1
0
0
8
6
9
6
0
0
8
6
9
5
0
0
8
7
8
3
9
5
8
7
1
5
9
5
8
6
8
4
0
0
3
8
10
4
2
1
8
5
12
8
0
0
8
3
1
8
0
0
7
3
7
0
0
0
7
6
10
7
0
0
7
3
1
7
0
0
6
5
12
10
0
0
5
6
8
6
0
0
5
3
7
1
0
0
2
3
1
6
0
0
1
